Agglomerative #1
     AMI    ARI  max_angle_id  min_angle_id  time_err    time_mod    time_pre
0  0.887  0.818           0.0          -0.0  4.358618  369.980399  395.623550
1  0.874  0.812          12.0         -12.0  6.738806  367.747690  402.310787
2  0.853  0.786          24.0         -24.0  4.745232  368.059171  404.934087
3  0.765  0.648          36.0         -36.0  4.983500  366.279186  404.694206
4  0.689  0.532          48.0         -48.0  4.899345  362.227885  399.467639
5  0.607  0.419          60.0         -60.0  5.194609  385.490548  403.183382
6  0.593  0.388          72.0         -72.0  5.151283  393.858772  404.401944
7  0.536  0.343          84.0         -84.0  8.802143  395.480796  402.575822
HDBSCAN #1
      AMI    ARI  max_angle_id  min_angle_id  min_cluster_size  min_samples  time_err  time_mod    time_pre
0   0.902  0.853           0.0          -0.0            5833.0          1.0  4.358618  2.132861  395.623550
1   0.902  0.853           0.0          -0.0            5833.0         10.0  4.358618  2.476868  395.623550
2   0.902  0.853           0.0          -0.0            2800.0          1.0  4.358618  2.029655  395.623550
3   0.902  0.853           0.0          -0.0            2800.0         10.0  4.358618  2.478599  395.623550
4   0.902  0.853           0.0          -0.0            1400.0          1.0  4.358618  2.037030  395.623550
5   0.902  0.853           0.0          -0.0            1400.0         10.0  4.358618  2.497149  395.623550
6   0.884  0.837          12.0         -12.0            5833.0          1.0  6.738806  2.097088  402.310787
7   0.884  0.837          12.0         -12.0            5833.0         10.0  6.738806  2.464849  402.310787
8   0.884  0.837          12.0         -12.0            2800.0          1.0  6.738806  1.997017  402.310787
9   0.884  0.837          12.0         -12.0            2800.0         10.0  6.738806  2.487065  402.310787
10  0.884  0.837          12.0         -12.0            1400.0          1.0  6.738806  1.995386  402.310787
11  0.884  0.837          12.0         -12.0            1400.0         10.0  6.738806  2.493215  402.310787
12  0.805  0.641          24.0         -24.0            5833.0          1.0  4.745232  2.076080  404.934087
13  0.806  0.641          24.0         -24.0            5833.0         10.0  4.745232  2.474804  404.934087
14  0.862  0.817          24.0         -24.0            2800.0          1.0  4.745232  1.990215  404.934087
15  0.861  0.815          24.0         -24.0            2800.0         10.0  4.745232  2.469524  404.934087
16  0.862  0.817          24.0         -24.0            1400.0          1.0  4.745232  2.007001  404.934087
17  0.861  0.815          24.0         -24.0            1400.0         10.0  4.745232  2.508727  404.934087
18  0.738  0.497          36.0         -36.0            5833.0          1.0  4.983500  2.085915  404.694206
19  0.825  0.739          36.0         -36.0            5833.0         10.0  4.983500  2.478502  404.694206
20  0.838  0.793          36.0         -36.0            2800.0          1.0  4.983500  2.007629  404.694206
21  0.825  0.739          36.0         -36.0            2800.0         10.0  4.983500  2.470017  404.694206
22  0.838  0.793          36.0         -36.0            1400.0          1.0  4.983500  2.023891  404.694206
23  0.825  0.739          36.0         -36.0            1400.0         10.0  4.983500  2.497435  404.694206
24  0.730  0.492          48.0         -48.0            5833.0          1.0  4.899345  2.196879  399.467639
25  0.730  0.492          48.0         -48.0            5833.0         10.0  4.899345  2.472751  399.467639
26  0.730  0.492          48.0         -48.0            2800.0          1.0  4.899345  2.003921  399.467639
27  0.809  0.757          48.0         -48.0            2800.0         10.0  4.899345  2.448563  399.467639
28  0.730  0.492          48.0         -48.0            1400.0          1.0  4.899345  2.025136  399.467639
29  0.809  0.757          48.0         -48.0            1400.0         10.0  4.899345  2.483789  399.467639

30  0.721  0.487          60.0         -60.0            5833.0          1.0  5.194609  2.066636  403.183382
31  0.720  0.486          60.0         -60.0            5833.0         10.0  5.194609  2.364076  403.183382
32  0.721  0.487          60.0         -60.0            2800.0          1.0  5.194609  1.959599  403.183382
33  0.720  0.486          60.0         -60.0            2800.0         10.0  5.194609  2.382142  403.183382
34  0.721  0.487          60.0         -60.0            1400.0          1.0  5.194609  1.987187  403.183382
35  0.720  0.486          60.0         -60.0            1400.0         10.0  5.194609  2.400355  403.183382
36  0.710  0.482          72.0         -72.0            5833.0          1.0  5.151283  2.044786  404.401944
37  0.710  0.482          72.0         -72.0            5833.0         10.0  5.151283  2.388721  404.401944
38  0.710  0.482          72.0         -72.0            2800.0          1.0  5.151283  1.945668  404.401944
39  0.710  0.482          72.0         -72.0            2800.0         10.0  5.151283  2.398695  404.401944
40  0.710  0.482          72.0         -72.0            1400.0          1.0  5.151283  1.984961  404.401944
41  0.710  0.482          72.0         -72.0            1400.0         10.0  5.151283  2.422257  404.401944
42  0.405  0.111          84.0         -84.0            5833.0          1.0  8.802143  2.015442  402.575822
43  0.405  0.111          84.0         -84.0            5833.0         10.0  8.802143  2.380022  402.575822
44  0.405  0.111          84.0         -84.0            2800.0          1.0  8.802143  1.914178  402.575822
45  0.405  0.111          84.0         -84.0            2800.0         10.0  8.802143  2.385754  402.575822
46  0.405  0.111          84.0         -84.0            1400.0          1.0  8.802143  1.934639  402.575822
47  0.405  0.111          84.0         -84.0            1400.0         10.0  8.802143  2.427403  402.575822
KMeans #1
     AMI    ARI  max_angle_id  min_angle_id  time_err  time_mod    time_pre
0  0.886  0.817           0.0          -0.0  4.358618  1.213479  395.623550
1  0.864  0.796          12.0         -12.0  6.738806  1.196812  402.310787
2  0.801  0.702          24.0         -24.0  4.745232  1.473823  404.934087
3  0.765  0.653          36.0         -36.0  4.983500  1.797554  404.694206
4  0.655  0.491          48.0         -48.0  4.899345  1.714473  399.467639
5  0.640  0.474          60.0         -60.0  5.194609  2.287690  403.183382
6  0.565  0.384          72.0         -72.0  5.151283  2.648863  404.401944
7  0.534  0.353          84.0         -84.0  8.802143  2.401941  402.575822

Job ID: 5627892
Cluster: ukko2
User/Group: thalvari/hyad-all
State: COMPLETED (exit code 0)
Nodes: 1
Cores per node: 24
CPU Utilized: 02:35:06
CPU Efficiency: 41.51% of 06:13:36 core-walltime
Job Wall-clock time: 00:15:34
Memory Utilized: 403.05 GB
Memory Efficiency: 78.72% of 512.00 GB
