Agglomerative #1
     AMI    ARI  mean         std  time_err    time_mod    time_pre
0  0.886  0.818     0    0.000000  3.587457  192.077421  420.501928
1  0.883  0.815     0   36.428571  3.828413  195.490269  413.141517
2  0.872  0.806     0   72.857143  3.913666  272.709710  515.375488
3  0.818  0.728     0  109.285714  3.807216  277.595369  516.217703
4  0.728  0.634     0  145.714286  3.813488  185.075760  442.310117
5  0.664  0.577     0  182.142857  3.843258  180.335433  481.473756
6  0.544  0.439     0  218.571429  3.856763  262.759106  563.232434
7  0.445  0.360     0  255.000000  3.934847  256.090193  569.493083
HDBSCAN #1
      AMI    ARI  mean  min_cluster_size  min_samples         std  time_err  time_mod    time_pre
0   0.900  0.850     0            5833.0          1.0    0.000000  3.587457  2.311880  420.501928
1   0.898  0.849     0            5833.0         10.0    0.000000  3.587457  2.659658  420.501928
2   0.900  0.850     0            2800.0          1.0    0.000000  3.587457  2.166474  420.501928
3   0.898  0.849     0            2800.0         10.0    0.000000  3.587457  2.691100  420.501928
4   0.900  0.850     0            1400.0          1.0    0.000000  3.587457  2.200981  420.501928
5   0.898  0.849     0            1400.0         10.0    0.000000  3.587457  2.693221  420.501928
6   0.897  0.848     0            5833.0          1.0   36.428571  3.828413  2.301217  413.141517
7   0.897  0.849     0            5833.0         10.0   36.428571  3.828413  2.614681  413.141517
8   0.897  0.848     0            2800.0          1.0   36.428571  3.828413  2.126477  413.141517
9   0.897  0.849     0            2800.0         10.0   36.428571  3.828413  2.639068  413.141517
10  0.897  0.848     0            1400.0          1.0   36.428571  3.828413  2.143652  413.141517
11  0.897  0.849     0            1400.0         10.0   36.428571  3.828413  2.675316  413.141517
12  0.824  0.653     0            5833.0          1.0   72.857143  3.913666  3.593353  515.375488
13  0.825  0.653     0            5833.0         10.0   72.857143  3.913666  4.318297  515.375488
14  0.824  0.653     0            2800.0          1.0   72.857143  3.913666  3.478002  515.375488
15  0.880  0.834     0            2800.0         10.0   72.857143  3.913666  4.363110  515.375488
16  0.824  0.653     0            1400.0          1.0   72.857143  3.913666  3.455444  515.375488
17  0.880  0.834     0            1400.0         10.0   72.857143  3.913666  4.426914  515.375488
18  0.802  0.640     0            5833.0          1.0  109.285714  3.807216  3.906997  516.217703
19  0.803  0.640     0            5833.0         10.0  109.285714  3.807216  4.540004  516.217703
20  0.802  0.640     0            2800.0          1.0  109.285714  3.807216  3.676556  516.217703
21  0.803  0.640     0            2800.0         10.0  109.285714  3.807216  4.427489  516.217703
22  0.802  0.640     0            1400.0          1.0  109.285714  3.807216  3.475182  516.217703
23  0.803  0.640     0            1400.0         10.0  109.285714  3.807216  4.405424  516.217703
24  0.723  0.519     0            5833.0          1.0  145.714286  3.813488  2.236916  442.310117
25  0.759  0.611     0            5833.0         10.0  145.714286  3.813488  2.751677  442.310117
26  0.723  0.519     0            2800.0          1.0  145.714286  3.813488  2.114490  442.310117
27  0.759  0.611     0            2800.0         10.0  145.714286  3.813488  2.793440  442.310117
28  0.723  0.519     0            1400.0          1.0  145.714286  3.813488  2.135602  442.310117
29  0.759  0.611     0            1400.0         10.0  145.714286  3.813488  2.816186  442.310117
30  0.661  0.488     0            5833.0          1.0  182.142857  3.843258  1.966166  481.473756
31  0.664  0.483     0            5833.0         10.0  182.142857  3.843258  2.403290  481.473756
32  0.661  0.488     0            2800.0          1.0  182.142857  3.843258  1.804713  481.473756
33  0.664  0.483     0            2800.0         10.0  182.142857  3.843258  2.388888  481.473756
34  0.661  0.488     0            1400.0          1.0  182.142857  3.843258  1.821462  481.473756
35  0.664  0.483     0            1400.0         10.0  182.142857  3.843258  2.387408  481.473756
36  0.568  0.432     0            5833.0          1.0  218.571429  3.856763  2.230603  563.232434
37  0.556  0.422     0            5833.0         10.0  218.571429  3.856763  2.870034  563.232434
38  0.578  0.440     0            2800.0          1.0  218.571429  3.856763  2.184148  563.232434
39  0.571  0.439     0            2800.0         10.0  218.571429  3.856763  2.925892  563.232434
40  0.578  0.440     0            1400.0          1.0  218.571429  3.856763  2.203411  563.232434
41  0.571  0.439     0            1400.0         10.0  218.571429  3.856763  2.867706  563.232434
42  0.427  0.300     0            5833.0          1.0  255.000000  3.934847  2.200031  569.493083
43  0.282  0.098     0            5833.0         10.0  255.000000  3.934847  3.027313  569.493083
44  0.444  0.316     0            2800.0          1.0  255.000000  3.934847  2.133072  569.493083
45  0.431  0.305     0            2800.0         10.0  255.000000  3.934847  3.023961  569.493083
46  0.172  0.036     0            1400.0          1.0  255.000000  3.934847  2.085230  569.493083
47  0.433  0.314     0            1400.0         10.0  255.000000  3.934847  3.038012  569.493083
KMeans #1
     AMI    ARI  mean         std  time_err  time_mod    time_pre
0  0.883  0.813     0    0.000000  3.587457  1.245662  420.501928
1  0.879  0.810     0   36.428571  3.828413  2.681311  413.141517
2  0.859  0.788     0   72.857143  3.913666  1.849589  515.375488
3  0.810  0.727     0  109.285714  3.807216  2.071752  516.217703
4  0.724  0.628     0  145.714286  3.813488  2.959967  442.310117
5  0.649  0.554     0  182.142857  3.843258  1.854347  481.473756
6  0.550  0.463     0  218.571429  3.856763  4.359382  563.232434
7  0.455  0.371     0  255.000000  3.934847  4.616820  569.493083

Job ID: 3178228
Cluster: kale
User/Group: thalvari/thalvari
State: COMPLETED (exit code 0)
Nodes: 1
Cores per node: 24
CPU Utilized: 02:45:36
CPU Efficiency: 43.04% of 06:24:48 core-walltime
Job Wall-clock time: 00:16:02
Memory Utilized: 279.95 GB
Memory Efficiency: 54.68% of 512.00 GB
