LinearSVC #1
       C     p  test_mean_accuracy    time_err  time_mod   time_pre  train_mean_accuracy
0   0.01  0.00               0.809    3.061299  0.254776  19.651786             0.884620
1   0.10  0.00               0.842    3.061299  0.292064  19.651786             0.946658
2   1.00  0.00               0.846    3.061299  0.466248  19.651786             0.973005
3   0.01  0.04               0.734   26.999892  0.276165  20.307517             0.875016
4   0.10  0.04               0.780   26.999892  0.333383  20.307517             0.948215
5   1.00  0.04               0.787   26.999892  0.569281  20.307517             0.973653
6   0.01  0.08               0.649   40.029529  0.272429  20.426149             0.842440
7   0.10  0.08               0.704   40.029529  0.336859  20.426149             0.947696
8   1.00  0.08               0.706   40.029529  0.587708  20.426149             0.973783
9   0.01  0.12               0.589   54.154348  0.276903  20.019278             0.823361
10  0.10  0.12               0.652   54.154348  0.362429  20.019278             0.941856
11  1.00  0.12               0.652   54.154348  0.559040  20.019278             0.973913
12  0.01  0.16               0.524   68.364048  0.238573  19.751983             0.765347
13  0.10  0.16               0.598   68.364048  0.299231  19.751983             0.924335
14  1.00  0.16               0.601   68.364048  0.576915  19.751983             0.972745
15  0.01  0.20               0.449   80.733354  0.204980  18.833593             0.724854
16  0.10  0.20               0.520   80.733354  0.261491  18.833593             0.903310
17  1.00  0.20               0.516   80.733354  0.586351  18.833593             0.968592
18  0.01  0.24               0.376   94.570604  0.172306  18.222528             0.655029
19  0.10  0.24               0.461   94.570604  0.208254  18.222528             0.872550
20  1.00  0.24               0.473   94.570604  0.456014  18.222528             0.962362
21  0.01  0.28               0.349  123.810631  0.148992  18.046697             0.600130
22  0.10  0.28               0.420  123.810631  0.187848  18.046697             0.838676
23  1.00  0.28               0.393  123.810631  0.428546  18.046697             0.950162
LinearSVCClean #1
       C     p  test_mean_accuracy    time_err  time_mod   time_pre  train_mean_accuracy
0   0.01  0.00               0.809    3.061299  0.253932  19.651786             0.884620
1   0.10  0.00               0.842    3.061299  0.291349  19.651786             0.946658
2   1.00  0.00               0.846    3.061299  0.465536  19.651786             0.973005
3   0.01  0.04               0.750   26.999892  0.254897  20.307517             0.884620
4   0.10  0.04               0.778   26.999892  0.292053  20.307517             0.946658
5   1.00  0.04               0.771   26.999892  0.472483  20.307517             0.973005
6   0.01  0.08               0.677   40.029529  0.247610  20.426149             0.884620
7   0.10  0.08               0.706   40.029529  0.281835  20.426149             0.946658
8   1.00  0.08               0.664   40.029529  0.455475  20.426149             0.973005
9   0.01  0.12               0.583   54.154348  0.249099  20.019278             0.884620
10  0.10  0.12               0.608   54.154348  0.285801  20.019278             0.946658
11  1.00  0.12               0.555   54.154348  0.458645  20.019278             0.973005
12  0.01  0.16               0.502   68.364048  0.256394  19.751983             0.884620
13  0.10  0.16               0.509   68.364048  0.296081  19.751983             0.946658
14  1.00  0.16               0.451   68.364048  0.474558  19.751983             0.973005
15  0.01  0.20               0.409   80.733354  0.239271  18.833593             0.884620
16  0.10  0.20               0.411   80.733354  0.274772  18.833593             0.946658
17  1.00  0.20               0.349   80.733354  0.437531  18.833593             0.973005
18  0.01  0.24               0.344   94.570604  0.228089  18.222528             0.884620
19  0.10  0.24               0.348   94.570604  0.262351  18.222528             0.946658
20  1.00  0.24               0.297   94.570604  0.422104  18.222528             0.973005
21  0.01  0.28               0.273  123.810631  0.229259  18.046697             0.884620
22  0.10  0.28               0.280  123.810631  0.264651  18.046697             0.946658
23  1.00  0.28               0.243  123.810631  0.426736  18.046697             0.973005
MultinomialNB #1
    alpha     p  test_mean_accuracy    time_err  time_mod   time_pre  train_mean_accuracy
0    0.01  0.00               0.851    3.061299  0.034031  19.651786             0.958209
1    0.10  0.00               0.852    3.061299  0.032479  19.651786             0.951979
2    1.00  0.00               0.832    3.061299  0.032363  19.651786             0.925892
3    0.01  0.04               0.782   26.999892  0.039410  20.307517             0.964698
4    0.10  0.04               0.796   26.999892  0.037715  20.307517             0.959507
5    1.00  0.04               0.770   26.999892  0.037728  20.307517             0.930305
6    0.01  0.08               0.730   40.029529  0.071700  20.426149             0.963790
7    0.10  0.08               0.750   40.029529  0.073650  20.426149             0.960545
8    1.00  0.08               0.687   40.029529  0.052554  20.426149             0.921739
9    0.01  0.12               0.691   54.154348  0.034436  20.019278             0.961064
10   0.10  0.12               0.705   54.154348  0.033541  20.019278             0.957820
11   1.00  0.12               0.629   54.154348  0.033737  20.019278             0.908371
12   0.01  0.16               0.614   68.364048  0.033808  19.751983             0.954445
13   0.10  0.16               0.631   68.364048  0.030856  19.751983             0.952888
14   1.00  0.16               0.562   68.364048  0.031083  19.751983             0.882154
15   0.01  0.20               0.532   80.733354  0.026226  18.833593             0.943933
16   0.10  0.20               0.553   80.733354  0.025137  18.833593             0.939779
17   1.00  0.20               0.475   80.733354  0.025250  18.833593             0.852304
18   0.01  0.24               0.479   94.570604  0.020761  18.222528             0.930954
19   0.10  0.24               0.499   94.570604  0.019302  18.222528             0.927709
20   1.00  0.24               0.419   94.570604  0.019325  18.222528             0.814666
21   0.01  0.28               0.404  123.810631  0.018157  18.046697             0.909799
22   0.10  0.28               0.419  123.810631  0.017159  18.046697             0.905775
23   1.00  0.28               0.367  123.810631  0.017126  18.046697             0.771317
MultinomialNBClean #1
    alpha     p  test_mean_accuracy    time_err  time_mod   time_pre  train_mean_accuracy
0    0.01  0.00               0.851    3.061299  0.035377  19.651786             0.958209
1    0.10  0.00               0.852    3.061299  0.032112  19.651786             0.951979
2    1.00  0.00               0.832    3.061299  0.031976  19.651786             0.925892
3    0.01  0.04               0.769   26.999892  0.034599  20.307517             0.958209
4    0.10  0.04               0.791   26.999892  0.031302  20.307517             0.951979
5    1.00  0.04               0.782   26.999892  0.031467  20.307517             0.925892
6    0.01  0.08               0.596   40.029529  0.034230  20.426149             0.958209
7    0.10  0.08               0.665   40.029529  0.030730  20.426149             0.951979
8    1.00  0.08               0.690   40.029529  0.030470  20.426149             0.925892
9    0.01  0.12               0.455   54.154348  0.032242  20.019278             0.958209
10   0.10  0.12               0.522   54.154348  0.031909  20.019278             0.951979
11   1.00  0.12               0.598   54.154348  0.031713  20.019278             0.925892
12   0.01  0.16               0.326   68.364048  0.035392  19.751983             0.958209
13   0.10  0.16               0.382   68.364048  0.031672  19.751983             0.951979
14   1.00  0.16               0.469   68.364048  0.031124  19.751983             0.925892
15   0.01  0.20               0.246   80.733354  0.031928  18.833593             0.958209
16   0.10  0.20               0.293   80.733354  0.031838  18.833593             0.951979
17   1.00  0.20               0.374   80.733354  0.031993  18.833593             0.925892
18   0.01  0.24               0.214   94.570604  0.027894  18.222528             0.958209
19   0.10  0.24               0.242   94.570604  0.026765  18.222528             0.951979
20   1.00  0.24               0.303   94.570604  0.026685  18.222528             0.925892
21   0.01  0.28               0.182  123.810631  0.028253  18.046697             0.958209
22   0.10  0.28               0.211  123.810631  0.026952  18.046697             0.951979
23   1.00  0.28               0.246  123.810631  0.027003  18.046697             0.925892

Job ID: 3178248
Cluster: kale
User/Group: thalvari/thalvari
State: COMPLETED (exit code 0)
Nodes: 1
Cores per node: 24
CPU Utilized: 00:15:56
CPU Efficiency: 15.32% of 01:44:00 core-walltime
Job Wall-clock time: 00:04:20
Memory Utilized: 27.45 GB
Memory Efficiency: 42.89% of 64.00 GB
