Agglomerative #1
     AMI    ARI  probability  time_err    time_mod    time_pre
0  0.886  0.818          0.0  1.141407  206.166813  417.058392
1  0.879  0.811          0.1  1.721067  206.556668  425.132013
2  0.870  0.804          0.2  2.067091  215.609434  425.849320
3  0.856  0.791          0.3  2.185956  208.540868  439.364035
4  0.785  0.683          0.4  2.504310  210.073481  434.320890
5  0.737  0.638          0.5  2.184900  210.293160  443.500552
6  0.679  0.583          0.6  2.346856  199.188743  457.519502
7  0.564  0.462          0.7  1.980734  214.558608  471.863072
HDBSCAN #1
      AMI    ARI  min_cluster_size  min_samples  probability  time_err  time_mod    time_pre
0   0.900  0.850            5833.0          1.0          0.0  1.141407  2.439487  417.058392
1   0.898  0.849            5833.0         10.0          0.0  1.141407  2.788250  417.058392
2   0.900  0.850            2800.0          1.0          0.0  1.141407  2.268657  417.058392
3   0.898  0.849            2800.0         10.0          0.0  1.141407  2.780820  417.058392
4   0.900  0.850            1400.0          1.0          0.0  1.141407  2.266799  417.058392
5   0.898  0.849            1400.0         10.0          0.0  1.141407  2.769792  417.058392
6   0.891  0.843            5833.0          1.0          0.1  1.721067  2.354069  425.132013
7   0.828  0.654            5833.0         10.0          0.1  1.721067  2.668207  425.132013
8   0.891  0.843            2800.0          1.0          0.1  1.721067  2.202288  425.132013
9   0.889  0.841            2800.0         10.0          0.1  1.721067  2.738976  425.132013
10  0.891  0.843            1400.0          1.0          0.1  1.721067  2.205452  425.132013
11  0.889  0.841            1400.0         10.0          0.1  1.721067  2.690746  425.132013
12  0.821  0.650            5833.0          1.0          0.2  2.067091  2.307533  425.849320
13  0.858  0.765            5833.0         10.0          0.2  2.067091  2.685007  425.849320
14  0.821  0.650            2800.0          1.0          0.2  2.067091  2.150273  425.849320
15  0.878  0.831            2800.0         10.0          0.2  2.067091  2.679902  425.849320
16  0.821  0.650            1400.0          1.0          0.2  2.067091  2.128145  425.849320
17  0.878  0.831            1400.0         10.0          0.2  2.067091  2.677131  425.849320
18  0.812  0.645            5833.0          1.0          0.3  2.185956  2.233206  439.364035
19  0.843  0.760            5833.0         10.0          0.3  2.185956  2.682664  439.364035
20  0.812  0.645            2800.0          1.0          0.3  2.185956  2.123016  439.364035
21  0.843  0.760            2800.0         10.0          0.3  2.185956  2.686463  439.364035
22  0.812  0.645            1400.0          1.0          0.3  2.185956  2.106267  439.364035
23  0.843  0.760            1400.0         10.0          0.3  2.185956  2.690073  439.364035
24  0.756  0.538            5833.0          1.0          0.4  2.504310  2.253601  434.320890
25  0.797  0.635            5833.0         10.0          0.4  2.504310  2.706429  434.320890
26  0.756  0.538            2800.0          1.0          0.4  2.504310  2.131973  434.320890
27  0.797  0.635            2800.0         10.0          0.4  2.504310  2.703161  434.320890
28  0.756  0.538            1400.0          1.0          0.4  2.504310  2.142053  434.320890
29  0.797  0.635            1400.0         10.0          0.4  2.504310  2.685634  434.320890
30  0.734  0.527            5833.0          1.0          0.5  2.184900  2.265240  443.500552
31  0.735  0.527            5833.0         10.0          0.5  2.184900  2.768369  443.500552
32  0.734  0.527            2800.0          1.0          0.5  2.184900  2.097733  443.500552
33  0.735  0.527            2800.0         10.0          0.5  2.184900  2.738439  443.500552
34  0.734  0.527            1400.0          1.0          0.5  2.184900  2.113145  443.500552
35  0.735  0.527            1400.0         10.0          0.5  2.184900  2.762623  443.500552
36  0.687  0.505            5833.0          1.0          0.6  2.346856  2.239228  457.519502
37  0.691  0.505            5833.0         10.0          0.6  2.346856  2.805341  457.519502
38  0.687  0.505            2800.0          1.0          0.6  2.346856  2.100180  457.519502
39  0.691  0.505            2800.0         10.0          0.6  2.346856  2.798138  457.519502
40  0.687  0.505            1400.0          1.0          0.6  2.346856  2.129380  457.519502
41  0.691  0.505            1400.0         10.0          0.6  2.346856  2.801399  457.519502
42  0.584  0.446            5833.0          1.0          0.7  1.980734  1.998969  471.863072
43  0.446  0.175            5833.0         10.0          0.7  1.980734  2.546756  471.863072
44  0.589  0.450            2800.0          1.0          0.7  1.980734  1.880662  471.863072
45  0.446  0.175            2800.0         10.0          0.7  1.980734  2.547747  471.863072
46  0.586  0.466            1400.0          1.0          0.7  1.980734  1.922663  471.863072
47  0.446  0.175            1400.0         10.0          0.7  1.980734  2.617204  471.863072
KMeans #1
     AMI    ARI  probability  time_err  time_mod    time_pre
0  0.883  0.813          0.0  1.141407  1.241058  417.058392
1  0.871  0.802          0.1  1.721067  1.399246  425.132013
2  0.848  0.774          0.2  2.067091  1.353473  425.849320
3  0.830  0.749          0.3  2.185956  1.412452  439.364035
4  0.781  0.680          0.4  2.504310  1.467118  434.320890
5  0.736  0.637          0.5  2.184900  1.600050  443.500552
6  0.679  0.583          0.6  2.346856  1.974896  457.519502
7  0.565  0.475          0.7  1.980734  3.823717  471.863072

Job ID: 3178232
Cluster: kale
User/Group: thalvari/thalvari
State: COMPLETED (exit code 0)
Nodes: 1
Cores per node: 24
CPU Utilized: 02:27:36
CPU Efficiency: 45.28% of 05:26:00 core-walltime
Job Wall-clock time: 00:13:35
Memory Utilized: 356.93 GB
Memory Efficiency: 69.71% of 512.00 GB
